1) 
2)  3.9|9.1|25.2|40.5|53.2|62.7|69.5

3)  3.1|6.2|16.9|29|35.5

4)  2.2|16|30.6|47.6|60.2

5)  3.5|10.1|20.6|25.7|35.5|43.5|47.4|52.7|55.7|73.8|79.7|84.1|91.7|100.4|101.8|112.5|117.5|120.2

6)  14.3|21.1|29.6|37.3|46

7)  1|9.9|11.1|19.2|23.2|23.8|27.5|30.7|31.3

8)  4.6|13.1|27.4|31.6|44.2|51.1|55.4|60.4|65.3

9)  1|3.7|6.7|9.3|12.4|18.8|22.1

10) 7.5|15.8|19.4|24.8|27.2|34.3|40|42.5|53.8|55.6|57.7|63.6|67.2|82

11) 1.1|5.4|9.3|14|15.5|25.4|28.9|31.1|40

12) 8.7|14.6|19.6|22.3|24.9|29.9|31.5|36.6|41.4|50.8|56.8|62.4|64.3|67.1|72.3

13) 1|3.8|6|9.5|14.8|18|25.5|28.4|37.4|39|41.5|47.5|50|59.8

14) 6.4|10.2

15) 1|8|12.2|16|19.3|23|24.6|27.7|30.8

16) 1|4.8|7|11.9|15|18.7|24.6|26.5|30.9|34.3|36.7|40.9|55.7|60.4|64.6|68|77|80.3|88.5|94.4

17) 3.5|7.8|17.7|29|50.6

18) 2.7|9.4|16.6|21.7|23.2|33.2|39.2|45.2|58.4|65.8|70.3|78.3|92.3|107|120.1

19) 0.5|12.3|14.2|17|19.7|24.4|28.2|35.2|36.2|40.6

20) 1|11.2|12.9|15|23.2|28|34.5|48.5|49.4|56.3

21) 3.4|8.7|15.9|39.7|47.8|56.8|60|64.3|69.5|72.2|73.8|77.1|82.4|84.8|86.1|88.5|92.2|100.6|103.4|104|105.2|107.2|108.3|110.1|114.7|117.2|117.8|118.7|121.6|123|130.4|134

22) 1|15.1

23) 2.7|11.2|26.6|29.9|33.7|37.7|43.4|49.6|63.8|79.4|84.5|87.6|90|94.7|97.8|103.3|106.2|108.8|113|115.9|120.6|123.3|131.1|134|140.8

24) 6.1|14.5|21|23.2|25.6|32.1|41.4|51.5|54.5|59.4|62.6|69|72.9|81|86.8|92.8|98.2|104.7

25) 1|11.5|16.7|20.9|25.9|33.4|38.4|41.2|48.8|56.3

26) 4.8|17.5|34.5|51.7

HST_ACTIVE_THIS_SESSION

HST_RECORDED_PRES



